%YAML:1.0
---
cameras:
   - { T_SC:[ 0., -1., 0., 5.6918070000000001e-03, -1., 0., 0.,
       5.9999999999999998e-02, 0., 0., -1., -1.9005000000000001e-02, 0.,
       0., 0., 1. ], image_dimension:[ 640, 400 ],
       distortion_coefficients:[ -6.0048870884923819e-02,
       8.5148037603734981e-03, -1.3868339138798154e-02,
       5.8170980294869612e-03 ], distortion_type:equidistant,
       focal_length:[ 3.3461685309384092e+02, 3.3450346650618008e+02 ],
       principal_point:[ 3.1975167431364162e+02, 2.0692124722280306e+02 ] }
   - { T_SC:[ 5.5773815092144798e-03, -9.9997279840676012e-01,
       -4.8265165547996805e-03, 6.6515647742282262e-03,
       -9.9998220735415655e-01, -5.5875176644582759e-03,
       2.0891676472072321e-03, -6.0022780098648254e-02,
       -2.1160790650264143e-03, 4.8147785932947853e-03,
       -9.9998616996260914e-01, -1.8547483072180303e-02, 0., 0., 0., 1. ],
       image_dimension:[ 640, 400 ], distortion_coefficients:[
       -5.4394397350466861e-02, -1.1228360928605124e-03,
       -1.8915573594839360e-02, 1.4964300430040225e-02 ],
       distortion_type:equidistant, focal_length:[
       3.3521564492604926e+02, 3.3510123123936955e+02 ],
       principal_point:[ 3.1417399109476310e+02, 1.8918105806786866e+02 ] }
camera_params:
   camera_rate: 25
   sigma_absolute_translation: 0.
   sigma_absolute_orientation: 0.
   sigma_c_relative_translation: 0.
   sigma_c_relative_orientation: 0.
   timestampTolerance: 5.0000000000000001e-03
Rl: !!opencv-matrix
   rows: 3
   cols: 3
   dt: d
   data: [ 9.9996076524790478e-01, -7.9961488755758842e-03,
       -3.8117670422436641e-03, 7.9869744924714308e-03,
       9.9996518490013964e-01, -2.4160351996840882e-03,
       3.8309533123387562e-03, 2.3854959210043345e-03,
       9.9998981655111352e-01 ]
Rr: !!opencv-matrix
   rows: 3
   cols: 3
   dt: d
   data: [ 9.9997950487259601e-01, -2.3902801136411788e-03,
       -5.9393935495180563e-03, 2.4045325294362314e-03,
       9.9999424428954831e-01, 2.3936606046081705e-03,
       5.9336378447465317e-03, -2.4078930112240546e-03,
       9.9997949678639608e-01 ]
Pl: !!opencv-matrix
   rows: 3
   cols: 4
   dt: d
   data: [ 2.8521993946871260e+02, 0., 3.1604507319629920e+02, 0., 0.,
       2.8521993946871260e+02, 1.9725946034008609e+02, 0., 0., 0., 1.,
       0. ]
Pr: !!opencv-matrix
   rows: 3
   cols: 4
   dt: d
   data: [ 2.8521993946871260e+02, 0., 3.1604507319629920e+02,
       -3.4234233246594727e+01, 0., 2.8521993946871260e+02,
       1.9725946034008609e+02, 0., 0., 0., 1., 0. ]
Kl: !!opencv-matrix
   rows: 3
   cols: 3
   dt: d
   data: [ 3.3461685309384092e+02, 0., 3.1975167431364162e+02, 0.,
       3.3450346650618008e+02, 2.0692124722280306e+02, 0., 0., 1. ]
Kr: !!opencv-matrix
   rows: 3
   cols: 3
   dt: d
   data: [ 3.3521564492604926e+02, 0., 3.1417399109476310e+02, 0.,
       3.3510123123936955e+02, 1.8918105806786866e+02, 0., 0., 1. ]
Dl: !!opencv-matrix
   rows: 4
   cols: 1
   dt: d
   data: [ -6.0048870884923819e-02, 8.5148037603734981e-03,
       -1.3868339138798154e-02, 5.8170980294869612e-03 ]
Dr: !!opencv-matrix
   rows: 4
   cols: 1
   dt: d
   data: [ -5.4394397350466861e-02, -1.1228360928605124e-03,
       -1.8915573594839360e-02, 1.4964300430040225e-02 ]
imu_params:
   a_max: 176.
   g_max: 30.
   sigma_g_c: 1.2000000000000000e-01
   sigma_a_c: 9.0000000000000011e-03
   sigma_bg: 1.0000000000000001e-01
   sigma_ba: 1.0000000000000000e-03
   sigma_gw_c: 4.0000000000000003e-05
   sigma_aw_c: 4.0000000000000003e-05
   tau: 3600.
   g: 9.8019967000000001e+00
   a0: [ 0., 0., 0. ]
   imu_rate: 200
   T_BS: [ 1., 0., 0., 0., 0., 1., 0., 0., 0., 0., 1., 0., 0., 0., 0.,
       1. ]
useDriver: true
publishing_options:
   publish_rate: 200
   publishLandmarks: true
   landmarkQualityThreshold: 1.0000000000000000e-02
   maximumLandmarkQuality: 5.0000000000000003e-02
   maxPathLength: 20
   publishImuPropagatedState: true
   T_Wc_W: [ 1., 0., 0., 0., 0., 1., 0., 0., 0., 0., 1., 0., 0., 0., 0.,
       1. ]
   trackedBodyFrame: B
   velocitiesFrame: Wc
